X1,X2,X3,X4,X5,X6,X7,X8,X9,X10,X11,X12,X13,X14,X15,X16,X17,X18,X19,X20,X21,X22,X23,Y
27232.91,2,2,2,23.370422,-2,-2,-2,-2,-1,0,63089.207,58851.973,-2261.8384,25164.977,22849.484,32964.617,10.306918,-574.01953,55327.91,33434.94,906.0821,3639.3223,0
846800.0,2,1,1,49.447147,2,2,-1,-1,0,2,33848.11,838361.2,210112.5,437596.28,-528279.6,641779.4,346042.16,238695.33,122364.18,180798.89,55511.81,254189.1,0
556684.4,2,6,3,20.809679,-2,-1,-1,-2,0,-2,-25048.863,315373.16,432280.56,300737.8,-172638.69,575718.44,18425.973,375843.1,195976.08,-10079.106,8541.391,33398.895,0
753921.9,2,6,3,25.718891,-2,-1,-1,-2,0,-2,-47278.23,568183.6,314475.28,300694.2,-150771.08,128511.61,279057.78,328242.75,125966.77,46835.77,6926.9517,-18291.21,0
387821.94,2,1,1,31.861362,-2,-1,0,0,0,-1,81397.43,444475.38,314075.88,469450.06,100344.05,194206.67,273507.4,4560.7964,6398.6665,21420.76,133951.1,221911.8,0
145902.25,2,2,1,22.882208,0,0,-2,-2,-2,-1,16626.8,48994.977,94468.58,-155681.25,45297.39,82185.31,4097.755,347110.84,3992.1074,11005.227,31562.95,-3004.5747,0
588268.75,2,6,2,22.354654,2,-1,-1,0,0,-1,-95976.89,30631.736,128225.98,434361.34,441364.16,377669.44,258474.62,280973.7,14955.899,7430.0234,196329.75,-19926.633,0
89167.9,2,2,2,42.704514,3,2,-1,-1,0,-1,77042.89,24750.996,147978.56,477108.2,254210.72,74548.98,-10472.081,240903.64,19921.574,13273.251,-6050.833,334011.66,0
559870.1,1,1,2,61.136757,0,0,0,-1,0,0,448925.38,695036.6,485532.7,357438.16,343962.62,356512.66,32427.154,61272.99,252304.28,46453.34,27455.117,64615.168,0
671294.9,1,2,1,29.203865,1,-1,1,0,0,-2,-16409.988,461873.25,261569.88,123483.87,-98087.24,24005.527,279266.0,-15549.956,45446.7,8652.478,14757.81,-15715.94,0
477383.16,2,1,1,29.153454,-1,-1,-1,0,0,-1,22132.557,28318.115,174679.86,356168.72,274821.7,28307.775,23380.574,296275.78,4931.9595,9680.679,17232.61,50013.062,0
321795.1,1,3,1,53.21723,0,0,0,0,-2,0,217825.78,189095.73,242405.61,-70077.64,213548.75,187129.84,1569.259,10732.637,30258.562,332702.3,16761.684,14045.317,0
524649.75,2,2,2,27.205923,0,0,0,0,0,0,191189.92,210709.3,107320.04,14699.891,-58124.96,339910.56,11374.649,-625.1167,9181.698,4514.8335,237214.11,7158.021,0
625232.3,2,1,2,30.056746,0,-1,0,-1,-2,-1,200209.61,697411.2,134446.73,528794.5,425193.66,291799.94,273135.12,1234.1016,247704.92,277846.0,207084.52,188852.61,0
167605.4,1,2,2,27.192492,2,2,2,2,2,0,221897.25,207008.92,210767.06,228241.14,224398.88,58542.42,1453.7869,-3548.4229,12717.411,9338.254,3038.433,251181.98,0
570624.6,2,2,2,46.713383,-2,-1,-2,-1,-1,-1,336714.22,58559.47,43668.184,105079.79,191597.86,213104.69,41315.09,-2415.5361,182356.06,137504.44,180458.66,226477.34,0
389836.44,1,3,1,52.970165,-1,0,0,-1,0,0,-5470.1484,170144.06,168117.1,70495.61,25920.307,14847.319,162361.1,41511.992,13649.419,-941.15674,5015.171,865.72754,0
301914.06,2,2,1,22.84039,-2,-2,-2,-2,-2,-1,1933.9337,238262.17,106986.56,219186.38,113238.11,195776.61,244923.28,899.1953,10607.057,9012.16,167120.81,-7735.903,0
288263.03,2,4,1,48.380947,0,-1,-1,2,2,-2,19826.633,7572.8813,6274.482,6426.5073,-6291.2656,-2213.8289,2107.877,1337.4209,1710.0948,958.10645,719.55426,1944.988,0
341577.47,1,1,1,29.695518,0,0,0,0,0,2,199745.61,374787.44,252253.31,318454.6,188640.66,244900.6,211955.72,150716.75,8424.312,130714.31,18449.299,-3189.4194,0
290347.88,1,1,1,51.509724,2,4,3,3,2,2,221347.31,241260.77,233781.03,205604.05,210323.16,233838.83,2487.9546,3065.4749,2179.4128,-1184.165,37972.7,2456.3472,0
109991.08,1,2,1,49.014294,0,0,0,0,-2,-1,223516.89,256665.52,244836.06,2071.9214,248963.08,75530.18,37809.08,737.12256,17994.516,291941.56,6440.726,299925.28,0
248243.77,1,1,1,28.820524,1,2,0,0,0,0,215424.58,234178.47,213758.47,166153.38,238321.56,217697.45,6251.0376,377.5981,12141.242,199241.66,190359.28,1634.7341,0
357875.62,2,1,1,56.491646,-2,-2,-2,-2,-2,-2,16430.332,29074.027,75873.195,23243.23,-21699.09,47146.234,-9123.421,54356.2,79863.69,14404.793,8081.038,259623.58,0
193833.58,1,1,2,50.764473,0,0,0,-1,0,0,-14772.254,42770.9,76630.664,154258.14,164596.31,184521.02,7476.0996,-4926.6416,247200.4,11710.511,5749.735,11944.463,0
331542.4,2,1,2,33.239998,-2,-2,-2,-2,-2,-2,-3548.9023,273754.53,15949.68,17216.953,2928.414,6356.4307,231571.19,2111.5654,494.94586,7692.512,3550.6343,177263.69,0
145320.11,1,1,2,36.764774,0,0,-2,-2,-2,-2,400094.06,305597.0,312990.8,11224.949,6675.8867,2077.55,16857.072,21196.299,789.04694,1983.3301,1013.06036,2090.7927,0
31470.629,1,3,0,28.047295,5,4,3,2,3,3,-9852.613,3744.5144,3041.064,8009.8784,7342.8477,1140.054,341.49246,-982.4204,134.61678,-3200.141,2198.8135,687.8916,0
167179.34,2,3,1,42.7161,1,-1,0,0,-2,-2,-21853.473,43273.64,49827.242,1144.4606,159416.06,144265.86,52790.66,466.90378,4409.829,142301.78,12243.927,2578.7866,0
307728.3,1,1,1,29.419512,-1,0,-1,-1,-1,-1,15168.742,15692.351,22834.021,-7502.196,-21944.395,156533.06,14922.799,8153.8335,4273.9526,441.98193,174024.88,32178.455,0
313533.06,1,1,2,27.655664,-1,0,0,0,0,-2,129780.13,15117.366,32572.42,-1340.0394,6692.793,13260.757,-6979.284,2309.3408,4730.1743,7973.8936,-1735.2115,245774.16,0
469668.97,2,2,1,34.810986,0,0,0,0,0,0,370405.12,368984.22,85111.3,84284.58,104186.97,125818.5,16916.482,2995.223,12571.708,12401.429,6250.7896,28219.055,0
256879.27,2,3,2,25.757374,0,-1,-1,-1,-1,-1,132281.22,31100.988,157877.66,69577.02,4432.4883,100157.63,2818.0625,204790.16,110603.23,44622.695,104860.266,61066.402,0
28177.27,1,3,2,60.236343,3,2,2,-1,0,0,-23206.95,3446.823,8246.045,16181.074,9112.262,1020.16724,565.29767,-1904.9326,1675.9464,-45.833977,3271.6194,2139.0828,0
467057.84,2,2,1,43.514942,0,-1,-1,-1,-1,-1,128078.0,121364.664,14916.246,403627.25,-27640.086,25028.16,112886.27,-59.273956,252570.53,6428.151,6499.477,13841.495,0
477333.9,1,1,1,47.107876,1,-1,-1,-1,-1,-1,-11907.199,53593.113,165184.9,32848.684,64729.97,35046.555,39964.973,286845.53,33713.117,-2132.8218,32975.355,4031.2063,0
80722.35,1,2,2,35.777058,8,7,6,-1,4,3,110075.57,103839.27,118955.76,92937.77,98581.69,109006.19,349.43826,864.0537,719.5479,880.8147,116.64387,2644.2625,0
368255.2,2,2,2,25.237787,0,0,-1,0,0,0,10143.629,10378.026,167234.11,1939.9762,7970.582,24373.295,-134.36984,249390.81,643.5894,4658.6836,-2765.8186,1488.5256,0
351963.47,1,2,1,29.00525,1,2,2,7,7,5,249922.88,368817.44,358222.94,342796.75,393387.78,363220.66,14822.565,102837.414,2499.9087,3515.0764,9578.328,3455.318,0
526776.3,1,1,1,37.89979,-1,-1,-1,0,0,0,-9641.766,14829.03,37613.27,88331.23,223710.2,207260.22,2479.7236,12288.423,103537.96,92722.25,4414.5454,44214.09,0
590000.8,2,2,2,29.919186,-2,-1,-1,-1,0,0,8177.8984,122170.33,62768.15,391071.6,245001.31,275592.22,77616.62,33288.07,264188.4,12706.216,99182.01,14412.347,0
479296.94,2,2,2,32.97342,1,-2,-2,-2,-2,0,-43803.098,24489.34,8727.037,-4399.1255,417160.94,307719.84,-6480.25,-5192.635,4508.907,334584.97,40376.3,21605.291,0
652732.9,1,2,2,28.944868,1,-1,0,0,0,-2,167225.77,521531.56,275444.4,460008.0,398591.94,341952.78,278138.97,-2951.9238,42221.98,14803.392,17713.414,-14016.2,0
409955.56,1,2,1,30.82595,0,0,0,-2,-1,-1,205895.3,186338.69,183280.1,167571.27,270637.53,51519.625,6123.893,-3445.5127,198019.95,211082.64,1888.7997,103277.19,0
396430.8,2,2,2,36.559834,-2,-1,0,0,0,2,577.3751,187150.77,175794.75,228317.2,190544.83,219408.88,183728.0,4761.4395,6321.007,16200.42,4523.6724,123950.97,0
206417.81,2,6,2,50.901596,2,0,0,0,0,0,377060.8,441556.7,385830.25,401009.72,436907.78,133529.39,12069.406,5426.253,16361.373,15921.792,93466.02,179651.69,0
200694.73,1,1,2,27.96694,1,-1,-1,-1,-1,-1,-1781.66,115226.99,-761.7876,26079.508,-1915.1602,6815.3877,113149.75,1071.3374,3809.6133,-2147.4268,4041.442,1002.58887,0
355002.78,2,1,2,36.402348,-1,-1,-1,-1,-1,-1,13944.66,24587.021,24853.139,-4238.18,106137.3,34074.76,-7564.66,1294.7417,17665.78,72531.016,-2094.6653,254715.19,0
359376.2,2,3,1,42.585876,-1,2,-1,0,-1,-1,14660.973,15295.097,74529.67,76310.38,3450.3125,5894.495,334.43484,53774.426,87619.88,2361.6924,1153.984,30213.678,0
433408.1,2,2,2,35.70856,-2,-2,-2,-2,-2,-2,17722.125,21990.68,5937.263,133122.11,-103747.71,228343.31,9750.199,-5101.449,202093.56,4766.189,222077.86,14478.231,0
92915.58,2,1,1,28.110563,2,2,2,2,2,2,31329.506,43777.97,53340.406,47408.617,44555.24,75981.625,1117.4197,1982.1589,2878.3433,683.41064,36448.066,2223.188,0
370003.28,1,1,2,32.20117,-1,-1,-1,0,0,0,319491.84,208099.28,46848.67,221012.1,22503.97,39801.383,195831.72,166566.36,104606.99,-1402.3164,2834.0786,2073.1968,0
59474.074,2,2,1,58.276928,4,4,5,4,3,2,46109.406,57853.14,64777.246,55640.445,57816.457,54299.62,2454.9263,-397.23,1178.3615,-467.03418,1322.0092,3818.8137,0
483489.38,2,1,1,50.46008,-1,-1,-1,-1,0,0,157640.52,181990.03,76064.914,251155.95,164832.88,16075.026,184611.2,66827.08,190902.95,4810.198,5740.1826,141107.19,0
279487.62,1,1,1,49.806416,0,0,0,0,0,-1,112920.305,123531.06,123090.15,115353.69,-15543.789,117160.58,6682.492,2918.5376,8884.765,47188.273,141384.02,4584.264,0
350081.62,1,1,1,40.495605,5,-2,0,0,-2,-1,45496.082,63506.387,161475.44,421659.78,33889.7,41634.062,54413.566,283892.66,38691.156,14589.622,15420.186,293689.84,0
160021.2,1,1,1,58.931305,-2,-2,-2,-1,-1,0,155898.69,134395.75,109103.195,-48.02777,140827.38,152922.48,21701.666,109.44528,4801.13,153629.42,9630.703,6919.7207,0
149978.94,2,2,1,27.659428,-1,-1,0,0,-1,-1,21630.186,123614.4,137841.7,93569.664,48830.516,41202.96,130681.5,64324.06,1237.6637,41490.723,36182.72,35347.473,0
216068.1,1,2,1,51.256756,0,0,0,2,0,0,-10840.684,16750.252,174096.53,256580.2,189403.55,174154.28,-60.77609,237059.44,2042.2228,10504.101,8165.733,7174.3584,0
290326.7,2,2,2,51.49587,1,1,-2,-2,-2,-1,2109.7422,7604.764,-4748.354,-2357.9653,-43460.164,35415.414,1138.9138,-697.13477,5069.5854,-1501.0532,59588.3,3617.7927,0
258033.33,1,1,1,47.813843,3,3,4,4,4,4,235427.8,305566.22,299693.97,259962.4,303781.7,284692.06,21190.068,17273.127,13876.443,11021.736,6516.393,3334.7898,0
65013.887,1,2,2,29.757397,0,0,2,-1,-1,-2,61011.574,71532.77,27361.373,47852.125,-5456.7695,4645.2373,36305.996,-693.1963,68612.586,3519.8152,42682.965,76717.625,0
299509.34,1,1,1,39.161575,-1,-1,-2,-1,-1,2,-12804.3125,3068.6824,110357.16,-11676.223,35744.246,4534.374,436.5662,88470.03,-1121.1718,24778.307,576.79425,1212.426,0
539104.75,1,1,1,40.66384,-2,-2,-2,-2,-2,-2,187316.28,129092.09,13208.174,68664.24,61418.81,27554.338,221109.34,40153.152,36030.594,48703.77,13189.078,60153.582,0
443814.4,1,2,2,37.743847,0,0,-1,-1,0,0,427253.84,14455.612,2715.6772,22943.453,9859.832,7544.343,1538.2063,5110.6646,12886.984,1564.896,1950.5116,2425.0442,0
394702.72,1,2,1,41.43431,0,-1,-1,0,0,0,87438.47,105369.21,163037.36,260405.6,69216.27,110251.08,110073.24,234108.1,17657.229,925.7849,114007.63,51420.727,0
471976.38,2,1,1,40.854317,-2,0,-1,0,0,-1,64479.586,292533.4,76007.48,390423.12,182106.95,110671.805,3961.0144,327213.66,132613.34,5148.2114,6196.7217,72561.086,0
265269.9,2,2,2,37.100285,0,0,0,0,0,0,311580.9,428304.78,364295.34,530927.94,444076.94,434641.75,9610.181,25023.195,21347.775,24497.918,7643.9277,321869.06,0
574641.8,1,1,2,39.43747,0,-1,-1,0,0,0,109893.31,49468.582,141598.58,435437.97,438150.12,263115.1,20634.057,168975.94,254327.45,19580.266,3457.4788,32982.863,0
523898.84,1,1,1,49.705746,0,0,-1,-1,0,0,212489.61,47950.91,24065.803,25949.508,270964.94,248091.97,13262.965,-8945.81,26976.682,299431.84,25754.9,179230.72,0
101168.586,1,6,2,51.20629,2,2,0,0,0,0,94050.87,108806.36,97291.55,97067.055,99982.45,88556.39,198.43484,3664.805,3433.808,1750.6409,3224.6155,1839.5723,0
46567.66,1,2,2,24.32007,0,0,4,3,2,2,25357.84,53321.363,50316.766,50300.465,56670.8,52772.69,25291.877,497.97897,1347.0331,1819.0149,-259.18134,1644.5176,0
344181.25,2,2,1,47.549374,-1,-1,2,-1,2,-1,7488.0273,33804.164,19477.479,45533.273,18567.352,28333.254,38681.31,-2116.016,36004.258,994.30566,27662.193,30887.107,0
424127.66,1,1,1,33.448013,0,0,0,-1,0,0,68371.02,63139.65,107011.78,91240.95,103924.01,153069.75,61669.625,88395.67,135606.9,75301.61,87880.46,7105.2783,0
82777.87,2,3,1,53.809074,-1,3,2,2,-1,0,-26548.996,17712.254,4538.263,-6607.9536,59638.547,74266.92,-271.73898,3065.955,1855.9149,110631.31,3162.125,3950.41,0
519878.66,1,1,2,40.16428,-1,-1,-1,-1,-1,0,16104.051,80644.65,9821.361,23342.48,106079.766,7064.786,92864.914,-3533.3545,119020.52,104709.56,1357.0526,3908.3447,0
275930.3,2,3,2,48.774296,-2,-2,-2,-2,-2,-2,-67686.445,228312.03,159536.03,53172.773,8774.488,-8778.364,201527.19,192542.1,-1734.6796,-751.29736,3152.4016,-41.02298,0
426094.5,1,1,2,36.730625,-1,-1,-1,2,2,2,12473.465,41852.65,38730.83,30576.312,13645.971,-2013.9265,39692.535,24203.807,1274.5641,446.38672,273.4842,44633.86,0
515209.66,1,1,1,40.692528,-2,-2,-2,-2,-2,-2,-13387.289,11009.249,23748.453,33992.395,94649.17,84562.23,2196.3582,103.49802,76974.21,69826.03,88386.37,5512.764,0
521519.84,1,1,2,32.364395,-2,-2,-1,0,-1,-1,98021.12,19297.178,54235.96,-6148.2817,-4861.8438,119109.8,20917.436,24465.785,7150.5474,15344.833,110712.96,237448.28,0
276171.62,1,2,1,38.777653,-2,-2,-2,-2,-2,-2,201302.8,195873.9,233317.36,206710.77,230787.55,126171.48,5889.945,-365.38626,8989.615,15399.617,4447.5503,208045.78,0
484802.5,1,1,2,25.450003,0,0,0,0,0,0,121875.03,242878.2,259678.16,559198.7,283605.84,287654.6,30105.938,257987.8,33308.387,21620.283,46650.273,107963.05,0
69805.77,2,1,2,25.94614,2,2,-2,-2,-2,-2,106377.75,11000.136,6569.642,-11182.629,1040.0312,57589.03,441.5203,1045.5225,3429.3538,4323.0234,-544.1838,161656.14,0
172187.6,1,1,1,44.435474,-2,-2,-1,-1,-2,-1,140760.0,181911.27,172297.75,132494.47,150558.64,138542.44,7458.7188,-913.72754,7733.158,3960.526,171707.73,3896.316,0
304769.44,2,1,1,26.43949,1,-1,0,0,0,-1,-94102.83,73627.95,154074.34,251490.38,116052.33,163643.2,205257.53,193786.77,126.66462,1783.2305,11410.001,-5609.2593,0
532386.8,2,3,2,35.886436,0,0,0,0,0,-1,122796.93,125768.03,121097.77,27673.277,83614.414,28438.607,48272.633,30734.463,4909.302,73077.21,15689.029,212466.97,0
323266.62,2,1,1,28.537607,-1,0,0,-2,-2,-2,5819.4766,7152.1665,1516.7358,-1282.6215,-2195.504,1293.4133,8814.825,-418.03568,934.4527,25.4546,328.90363,273.98874,0
239769.39,2,5,2,25.316305,0,0,0,0,0,0,73758.06,57891.473,72901.81,109133.6,166604.52,27088.826,3799.2327,1752.4663,102324.69,9867.082,957.461,165295.34,0
492486.97,1,1,2,30.31829,2,2,2,2,2,0,441302.1,562578.6,464066.5,431161.66,559930.3,465483.72,22697.697,24144.879,22094.502,7171.106,29928.193,20389.508,0
215241.95,1,2,1,40.960957,5,4,3,2,0,0,182726.2,180221.38,183804.77,113464.02,137695.98,128376.53,-1098.0076,55.72702,5503.531,10948.593,5688.594,194043.23,0
295366.72,1,2,2,30.03041,-1,-1,3,2,-1,-1,9158.617,714.8346,3783.4702,-2901.6685,-570.75385,5593.456,912.3426,214.02829,1673.6539,1132.1902,1876.1451,54188.58,0
59164.957,2,1,1,24.781858,1,-2,-2,-1,2,-1,-10984.066,8527.987,-1612.2642,7526.7456,5388.2734,5859.2646,-685.1169,-1419.5034,1078.966,-226.42625,3002.148,2918.1226,0
94761.2,1,2,1,28.918383,1,1,5,0,0,0,27184.82,40732.324,79846.836,2549.4644,41675.938,43751.168,2020.2678,-332.0142,1050.0118,49275.176,2258.9092,1915.0295,0
94002.88,1,1,2,31.982498,3,-2,-1,2,0,-1,64845.496,53986.758,134433.1,472357.56,95208.086,64998.914,54231.566,186316.53,272982.78,14751.328,-2324.4553,332066.22,0
463919.38,2,2,2,45.206715,0,0,0,-1,-1,0,18999.947,36972.277,17885.586,2945.6792,166341.48,270557.25,4310.9355,-6524.922,20327.242,136572.44,166800.33,13241.517,0
258346.36,1,1,2,43.76792,-1,0,0,0,0,0,1871.004,8057.5337,22166.1,31981.115,82459.37,78206.1,12763.748,8198.446,9158.043,680.82764,106878.13,1160.728,0
6465.3794,1,2,1,53.72543,-2,-2,-2,-2,-2,-2,23212.965,24631.416,27902.846,11859.203,19469.314,5937.218,155.10526,870.8423,437.19293,2874.5686,1742.6674,18760.88,0
341178.16,1,2,1,46.595425,-2,-2,-1,0,0,0,19496.205,31352.902,143433.11,217375.8,144873.27,33929.37,26136.764,190380.55,73336.46,9586.919,14970.176,228592.2,0
230644.8,2,2,1,35.8333,0,-1,-1,-1,-1,-1,199354.69,12703.565,-1348.0845,-487.59027,129053.25,13831.7,-82.79123,-3403.122,4476.791,99624.54,2906.5093,5298.2334,0
493587.4,2,1,2,37.731945,1,-2,-2,-2,-2,-2,18084.906,29455.117,80992.57,33620.062,5134.457,48536.293,32860.78,66002.766,25499.738,499.8911,46975.33,29427.271,0
43154.24,1,3,2,35.00209,1,2,2,0,0,0,18483.938,20978.11,20104.97,41106.426,18524.436,26247.375,1612.4048,-583.8247,768.32965,-739.48486,2470.5845,506.35007,1
475844.72,2,2,2,30.084116,0,0,0,0,0,2,276487.66,505330.03,321151.66,644946.8,464309.8,160611.9,249142.72,9542.407,17086.838,94037.945,19345.656,205758.78,1
581191.1,1,1,2,37.504658,2,0,0,-1,0,0,315986.3,837160.3,170564.45,514613.97,488331.34,630804.25,22637.07,-10312.154,288856.84,32943.746,21349.373,32928.33,1
405973.8,2,2,2,29.447456,1,3,2,-1,-1,-1,395289.12,594269.3,374316.34,266513.38,286662.72,204452.81,7777.8154,-9300.957,6410.7515,1767.6133,217672.23,668.08936,1
404122.75,1,2,1,46.521114,0,0,-1,0,0,-1,10040.332,21174.957,170061.66,371749.66,355926.1,342285.84,-598.2463,295941.06,12166.117,13746.14,14776.382,7749.6523,1
135156.48,1,1,2,35.360638,-1,-1,-1,-1,-2,-1,31829.697,9895.913,35612.297,-23823.39,-1178.3555,137970.88,-25169.49,4850.9897,7065.682,11880.585,-5326.876,295454.22,1
351381.47,2,2,2,32.223995,5,4,3,7,2,0,443902.7,515032.8,475756.62,444721.3,352836.1,262466.8,-16209.706,-3904.7812,9707.917,13319.973,1888.3514,290068.03,1
361291.34,1,2,2,34.23006,0,0,0,0,0,0,547626.2,512741.66,461730.28,278349.34,385726.12,322122.1,14534.668,22615.367,35487.61,359418.28,29992.186,51636.61,1
494525.5,1,1,1,49.923428,-2,-2,-2,-2,-2,0,-2857.4453,24617.11,27238.205,2209.1323,355650.7,289256.66,3861.6892,5039.876,20526.463,305985.9,19093.176,18160.404,1
522264.44,2,2,2,29.384682,0,0,-2,-2,-2,-1,301210.47,11649.683,7867.8765,-12888.352,-68452.875,305516.75,6651.5454,-6874.9844,7437.96,2673.2869,228441.45,36611.953,1
229228.83,1,2,1,46.842216,2,4,3,2,2,2,220920.33,230978.42,205029.17,202481.97,186775.38,175659.53,2079.7922,1719.0029,6481.816,888.31055,14498.626,2847.7244,1
492126.7,1,1,1,55.850594,-2,-2,-2,-2,-2,-2,21385.861,22517.328,153460.22,-15451.129,-12735.738,82526.15,-4789.3174,170181.69,19726.63,11685.269,74898.555,237675.3,1
43198.7,2,2,1,30.273525,-1,-1,-1,-1,-1,-1,53004.242,14907.331,55645.805,11135.248,-856.2382,2202.7805,154769.83,-991.1362,72712.8,-224.11961,937.44855,44200.395,1
394083.44,1,1,2,33.326824,0,0,0,-1,-1,-1,448920.72,411956.38,394378.2,28474.496,4537.5195,-1292.9812,15724.903,21938.021,1882.8959,700.60547,1361.9896,2067.4756,1
212031.98,1,3,1,59.15384,0,-1,0,0,0,0,202238.97,181266.55,152665.4,227863.55,152753.72,123433.734,178860.28,4560.5938,2175.6345,273.05225,13418.568,1112.3342,1
245457.7,1,2,2,30.352192,-1,-1,2,-1,2,2,-18554.418,23327.807,9780.42,218969.94,244939.16,205439.83,3475.959,-2290.8008,204942.55,10237.572,4019.1375,15289.049,1
496987.47,2,1,2,42.917316,8,-1,6,-1,4,3,435439.4,461653.25,445919.53,408680.62,431105.0,450774.38,2675.5037,-3973.2568,3642.3066,7850.0757,6803.6543,19612.975,1
132374.6,2,2,1,44.056957,0,0,-2,-2,-2,-2,107910.83,6723.4204,64.274925,-4405.317,4750.9414,1782.304,552.9764,918.8374,819.1226,969.9094,575.86505,1055.8506,1
128912.984,2,2,2,26.577257,0,0,-1,-1,-1,0,129642.78,139929.08,-2375.901,-368.70355,98582.92,99713.67,5727.944,-2706.1953,2402.0923,93532.125,2525.1592,4650.355,1
425824.1,1,1,2,29.026648,-1,-1,-1,0,0,-1,14781.777,12077.71,93996.14,88925.07,141018.6,135692.11,2663.4802,70796.36,77258.68,15893.657,140092.38,187673.22,1
328660.84,1,3,1,45.236187,2,0,0,0,0,-1,262334.22,223335.11,239101.98,36872.094,-35300.055,117833.24,7424.7803,1456.5298,4846.898,3602.2827,154071.06,63515.562,1
524422.2,2,2,1,31.283564,1,2,0,0,0,0,375890.4,424323.25,415149.22,427407.47,466826.8,457805.56,2939.0195,36005.43,58674.945,21698.053,26257.328,22661.232,1
171960.88,1,2,2,23.442429,2,0,0,-1,0,0,17951.438,159877.3,121163.95,24294.953,-951.64056,77253.91,138709.1,3203.106,126614.05,363.00928,65420.66,1661.2751,1
181123.38,1,1,1,48.97893,1,2,5,2,2,2,318562.34,407167.75,315703.56,348621.3,302273.62,271271.47,10742.116,-4173.1895,15325.691,11489.88,15072.068,277772.03,1
291177.0,2,3,2,35.969692,1,-2,-1,-1,-1,-1,-3835.4844,15975.179,-830.93994,-7100.528,12095.557,42808.344,251.06912,288306.62,3542.3691,2970.2295,7691.813,7229.4346,1
491442.88,1,1,2,35.394775,-2,-2,-2,-2,-2,-2,35674.03,67902.62,16870.52,39324.695,19949.04,32567.178,89175.11,18332.547,20314.842,19827.832,32947.656,12369.258,1
144088.69,1,1,1,43.851963,3,2,2,0,0,2,95556.51,109761.125,129549.445,108224.25,150388.08,148628.66,4944.743,4175.2954,3946.1233,51304.18,3507.8142,4042.422,1
319288.12,1,1,1,58.191372,-1,-1,-1,-1,0,-1,4182.289,7407.436,96725.07,1660.4215,14851.42,10809.577,2483.831,84982.555,2032.2408,13065.01,1461.1915,50090.926,1
230160.83,1,2,1,32.3633,6,5,4,3,2,0,246516.4,322116.25,243341.83,172677.52,219670.36,175027.58,3845.9854,2166.0566,3420.655,-25.68505,149684.42,2823.469,1
81422.19,1,2,2,28.534473,1,3,7,-1,7,7,63974.945,89046.79,92333.31,91212.91,96341.76,99742.23,17342.271,39.614227,6031.608,10790.742,2455.4946,3007.41,1
525038.9,1,5,1,36.908012,0,0,0,0,0,0,413266.5,350669.4,312517.88,77541.37,107864.766,86253.23,15023.974,11901.454,6172.33,7751.486,1245.244,127251.17,1
9320.098,2,2,2,22.6456,5,4,3,2,2,2,-4109.5,4529.5806,826.75146,8222.855,14729.854,8896.261,44.71268,-784.73096,607.3975,-811.8203,1595.525,1153.3926,1
305785.03,1,1,1,29.969913,-1,-1,-1,0,0,-1,10101.508,5102.9204,1141.4702,-3984.1685,-24738.324,-14610.696,4580.609,-1715.2808,2578.744,-1570.1709,134303.84,1600.6377,1
92228.7,2,1,1,29.348042,3,4,4,4,4,3,92526.22,101297.98,109207.68,101768.26,108222.98,96332.13,5250.5146,-750.1245,4202.0405,-1758.8813,575.1336,2094.1165,1
354876.3,2,1,1,52.960144,3,2,2,7,7,7,-3559.754,2170.991,8628.83,10345.176,-1094.6719,11567.679,2001.085,-438.59866,1848.7172,3022.0063,2448.6475,5183.642,1
449585.7,2,3,1,41.968384,2,-1,0,0,0,-1,-43356.254,77438.78,203260.22,328756.84,324908.7,410.61646,87155.24,246894.03,3152.5461,5011.4556,4890.7847,1735.4263,1
151845.62,2,1,1,33.250015,-1,2,2,-2,-2,-1,-18343.098,6616.979,581.60693,-6486.766,71234.53,5323.218,463.2576,-1050.335,892.98444,59724.355,2174.8376,2113.3916,1
119154.29,2,3,2,47.472343,2,0,-1,0,0,0,126827.4,152332.02,102442.59,130367.57,93328.625,78594.37,931.2,132478.16,2217.9854,2550.8906,442.95636,2042.24,1
503978.78,1,1,1,38.159157,0,0,0,0,0,0,32772.25,24062.22,42291.004,189875.48,206220.2,46263.78,3029.2112,1469.729,165664.03,8012.612,2929.3022,4916.3877,1
164465.78,2,6,2,38.197193,0,0,0,0,0,-2,159990.83,167387.17,131460.4,187050.05,9430.795,-6942.075,163924.52,6707.72,11.291087,-1551.0952,3434.6746,1997.4839,1
458905.66,2,2,1,35.749054,0,0,0,0,0,-1,174934.36,50572.93,55065.27,4658.6167,1977.8828,32994.83,-1930.3865,3094.6162,7143.8115,9355.875,10238.4375,250416.86,1
144466.22,1,1,2,24.866112,2,2,2,2,2,0,160548.58,164403.58,177842.27,184231.19,153835.94,133658.83,-451.92502,13964.202,8535.865,181.22414,6619.347,2947.2964,1
43676.098,2,5,1,32.83861,2,0,-1,2,0,0,25933.178,25854.057,26948.172,24174.027,25004.75,32992.28,1855.2688,31096.977,1678.4415,2156.8936,265.9168,1305.5271,1
73242.766,2,3,1,43.40108,2,2,3,3,2,3,67294.01,66419.39,84870.16,64978.367,83083.516,73795.12,4243.206,3235.0652,916.65436,3582.836,727.4886,2748.1128,1
5435.239,1,1,2,23.583342,-1,2,-1,-1,-1,-2,-2714.9883,-1286.4857,3356.2515,-1350.7816,1464.082,3020.093,1619.0574,-791.20166,-69.66204,974.54395,779.7784,709.91504,1
526250.9,1,1,2,38.863823,-1,-1,-1,-1,-1,-1,-5772.664,58296.1,37000.016,137086.11,-544.0507,40013.09,68756.46,28980.492,156499.64,167617.75,26107.27,42166.164,1
315434.12,2,1,2,37.97247,0,0,2,-1,-1,-1,17274.66,8074.678,110.993675,11863.404,8451.646,33581.94,2580.789,-1411.1812,4458.7524,11926.714,28458.602,17313.27,1
411778.5,2,3,1,44.552223,-1,-1,2,0,0,-1,2984.8164,68234.79,43347.58,46957.09,11705.523,1891.4446,63146.223,259.38815,1081.0682,-2208.3071,4863.999,208.02975,1
-2817.3862,2,2,2,45.26039,2,0,0,2,2,3,12657.012,8015.944,6185.7397,12294.607,5683.9414,7215.2354,983.0843,3629.8572,1854.4066,2168.3552,829.00836,1194.6953,1
177628.0,2,3,1,35.43835,0,0,0,0,0,2,178243.84,162317.2,66655.836,52257.004,28624.793,22716.465,6488.251,2425.1116,2615.939,4220.249,-95.835625,32888.438,1
506547.44,2,2,1,29.03115,0,0,0,0,0,0,355377.34,557834.8,353939.44,475674.4,158862.69,167302.3,23644.375,186762.28,13831.4795,6355.652,160724.78,23491.13,1
383274.94,2,1,1,44.4285,4,3,2,0,0,-1,271101.47,280174.78,276917.72,277742.12,276825.6,3019.8274,477.2195,-1106.2993,1471.1212,466.85938,4769.638,3922.5093,1
313763.97,2,2,1,26.726553,-1,-1,-1,0,0,0,-2082.5195,9868.495,174594.67,124490.31,48849.88,33771.582,7860.8438,205069.72,2605.3804,5391.583,68.61164,3732.0208,1
329173.44,2,2,2,30.362274,0,0,0,-1,0,0,275767.03,300337.22,161836.69,240436.33,230494.12,203528.81,14867.203,474.36227,211908.03,13510.213,6461.7817,12420.228,1
231748.31,2,3,2,29.512102,-2,-2,-2,-1,2,0,125139.85,114765.73,40615.9,13466.828,8737.328,6663.009,4162.2393,1703.9321,5089.2607,181.042,4195.24,3452.2275,1
106290.85,2,2,1,35.717403,1,-2,-2,-2,-1,2,-9838.156,5769.8384,1431.521,-9267.734,67006.3,8221.237,543.8094,77.81784,770.3726,52841.188,439.13605,3378.1624,1
32950.395,2,2,1,23.056084,6,5,4,4,3,2,29673.883,38094.98,38340.195,22223.652,36396.773,28241.797,771.616,-200.60257,157.3531,-572.8213,-313.8991,1396.0396,1
303111.75,2,1,1,48.843643,-2,-2,-2,-2,-2,-1,3281.0,8110.4243,1848.4663,-6755.9263,-12232.609,89267.695,1870.1326,-1470.9478,2897.4514,558.42236,93020.46,9140.276,1
506287.3,1,3,1,51.804466,2,2,2,0,0,2,430477.94,538240.56,447470.34,457531.06,471625.66,441039.53,56407.04,-6591.4014,22614.258,45349.293,12964.45,22072.992,1
463291.22,2,1,1,35.742924,0,0,0,-1,0,-1,68953.266,124151.555,202182.52,65154.707,45774.082,68670.2,9447.843,275376.06,74929.93,16893.48,1625.3304,33337.85,1
85765.65,1,3,1,67.484726,-1,0,0,2,2,2,54609.582,68339.28,76834.21,65910.91,75833.54,73966.19,2236.145,4736.946,3346.5718,2164.584,3963.8687,2961.2708,1
211246.5,2,1,2,29.559723,4,4,4,3,2,2,66102.625,95187.82,96692.42,75659.664,92397.68,156417.67,3909.4358,893.58594,1285.0446,-2690.563,99341.555,609.38965,1
85948.48,1,3,1,46.503735,0,0,0,0,-1,0,75073.87,92366.99,79489.31,36825.797,39187.414,38957.35,2265.086,1368.7583,1482.4171,49748.453,1774.5153,1856.2913,1
68585.89,1,2,2,25.6323,5,4,3,2,-1,0,52888.098,65782.01,67966.95,53056.77,43640.414,43750.38,-371.134,835.2368,779.315,50721.867,16735.088,2542.2065,1
498701.28,1,1,1,36.195328,1,-1,-1,2,-1,-1,-7662.9688,8819.7295,594.1343,1376.1403,138674.5,126458.336,1129.7766,-3919.4258,2531.1465,111067.84,5284.9546,3885.7158,1
408784.4,1,1,2,37.460487,-1,-1,-1,-1,2,2,1709.3322,44004.59,5033.5366,55338.54,59052.61,20595.625,49249.152,8130.3535,51382.715,110.36329,6169.9614,655.7998,1
375015.78,2,1,2,48.668686,2,2,3,2,0,0,289008.97,296761.6,281266.12,273153.88,261442.38,135724.5,21439.7,2556.2136,3869.3154,12789.122,8167.654,101835.11,1
47683.996,1,2,2,24.60725,2,2,2,2,2,-2,53084.336,51287.37,41809.082,51588.004,20822.367,12392.03,1991.6223,-925.3677,1397.3698,53216.914,2535.011,1769.0366,1
466016.3,1,1,2,49.79186,-2,-2,-2,-2,-2,-2,424798.9,436766.88,338399.12,304621.53,162482.95,138893.22,683.8055,10164.061,5560.4043,6954.6514,6257.3794,4462.5225,1
319345.2,2,1,2,26.259113,2,0,0,0,0,2,255549.4,253141.11,263155.7,262342.16,290919.94,297562.84,11242.128,9603.126,9207.981,19517.299,10338.62,3312.1318,1
138630.42,1,1,1,46.38274,2,2,2,2,2,2,147776.52,144947.77,163592.92,57706.934,27673.492,47946.117,4855.276,2552.4526,4289.8296,3850.2969,2689.8674,108758.04,1
302496.8,2,1,2,24.989151,1,5,4,3,2,3,308491.47,318396.0,321845.56,302746.94,345056.34,309668.3,380.6707,-1325.0449,9859.015,12221.641,3716.856,3736.0583,1
388500.22,1,1,1,32.253536,2,2,0,0,-2,-2,190129.22,179776.03,206773.25,9560.242,-1103.1367,-4413.161,7493.019,8965.581,639.0894,-1854.5771,1805.0404,739.7495,1
174162.17,2,2,2,37.77081,7,2,5,4,3,2,177803.34,190246.67,201997.34,177985.3,180408.31,152114.2,-639.2946,-2722.2705,1327.2694,3845.763,2674.8987,4148.15,1
93183.85,1,1,1,58.588757,0,0,3,2,0,0,5585.426,-1150.3138,4830.8687,15190.551,9583.703,5946.4014,3834.267,1306.4775,1350.2006,2400.429,829.71,1894.4897,1
3737.7231,2,2,1,45.920067,1,2,-1,-1,-1,-1,2876.8594,11600.343,539.4507,5762.9917,4813.328,4996.706,206.64774,2277.9968,3989.969,1259.825,2078.1082,2328.5852,1
20109.348,1,3,2,43.203407,2,2,7,7,7,7,-697.34753,5283.5103,3618.8022,5476.3667,11323.33,8524.788,1140.1853,-251.23148,1520.8365,1889.7144,1142.8978,3644.2769,1
369656.16,2,1,1,34.06461,-2,-1,0,-1,-1,-1,89677.93,37077.043,113345.29,68709.77,4457.5547,34949.7,47176.055,106200.96,76518.99,6569.49,36409.52,11230.43,1
299643.0,1,1,2,30.636911,-1,-1,0,0,0,0,-21948.535,165241.52,136607.12,170580.11,118268.88,150233.16,158125.52,4687.5186,1297.7906,-877.7383,7715.051,1290.0925,1
18129.207,1,3,1,45.545753,-1,2,2,4,3,2,-2448.1562,5709.7993,6064.2827,8579.066,11332.988,5627.788,1759.2769,13.717745,321.41168,-1670.686,1024.9327,160.84177,1
168891.56,2,3,2,39.279037,0,-1,-1,0,-1,0,102438.76,10026.647,-574.6509,8587.914,-4174.965,-6201.9854,32745.758,1724.9624,760.8516,-1545.1602,1107.2408,-410.55765,1
62546.45,1,1,2,26.553099,0,0,2,4,3,3,50487.125,47587.645,69471.01,59206.31,64743.168,69221.75,5064.2095,7969.5864,463.65192,1529.8181,153.9505,1154.0413,1
355637.12,2,1,2,48.85145,3,2,2,2,2,2,309462.34,370390.34,336870.97,330948.25,329727.34,341726.47,13988.15,8495.854,14864.273,14458.313,19481.686,13894.112,1
9684.27,2,2,1,27.339336,3,2,0,0,2,3,2281.2227,-4368.7007,7073.4663,9042.895,6229.1016,5100.7725,924.1307,-300.57327,1239.9852,411.5205,1628.2103,1673.5981,1
224596.36,2,1,1,43.635098,1,-1,0,-1,2,0,-19023.309,54973.55,2582.607,152113.52,158531.56,142229.3,62216.594,-2300.3652,165835.28,1977.4016,10856.143,17318.55,1
404550.03,2,1,1,38.35743,-2,-1,-1,-1,-1,2,-15396.793,13089.702,19133.709,33448.977,122473.54,43496.555,20840.99,1268.938,55453.043,102329.43,3461.714,36891.758,1
372956.47,2,1,2,29.606173,-1,-1,-1,0,0,0,4606.492,1646.3737,11310.713,15497.24,31623.71,10771.894,3929.1016,8132.5,6755.884,29436.951,664.2376,1670.1624,1
97739.4,2,2,2,25.51132,1,-2,-2,-2,-2,-2,10910.336,10503.151,6136.556,-8062.981,-7251.5938,-4201.536,-131.12228,690.71045,1112.224,3774.303,-26.399101,82050.02,1
85445.81,1,2,2,35.48515,-1,-1,3,2,-1,-1,1118.9493,-827.05994,1638.103,-301.59808,2603.5234,-1154.1257,2971.138,429.32712,854.59283,-539.9321,833.62946,1374.237,1
146133.33,1,1,1,27.732702,1,2,0,0,0,-1,156105.4,147144.7,136694.95,96571.77,103442.18,82195.02,1188.2493,2191.8616,4399.254,147.81642,106877.95,850.8159,1
107484.08,2,2,1,38.521416,3,2,2,2,2,0,64721.1,70033.875,80597.125,64330.938,56950.48,64260.207,-628.3449,4329.607,2392.1995,386.5708,4310.704,3769.8,1
346455.7,1,1,1,37.974854,-2,-2,-1,0,0,-2,15942.23,131.33069,49860.477,31506.834,2451.3008,13122.31,1354.0964,42156.51,400.62018,2144.95,4654.5566,6532.8926,1
54868.16,2,2,2,44.807205,0,0,0,-1,0,0,84792.19,73374.95,72872.74,59488.074,19844.326,7934.157,2611.2708,1124.1719,94016.5,3721.2358,2132.1904,4802.401,1
73101.89,1,2,1,34.669567,8,7,6,-1,4,3,110555.83,101236.016,131044.45,93357.62,99879.99,108322.37,499.58768,1899.4834,319.43414,604.58496,439.63947,2937.4856,1
192723.44,1,2,2,47.201725,-2,-2,-2,-2,-2,-2,-328.19913,5216.5923,635.48193,-44692.008,1372.9727,9660.577,390.96756,420.87643,4692.2524,78914.336,19198.125,34839.42,1
117439.83,2,3,0,43.544544,2,2,2,2,2,2,30396.914,45752.023,32185.463,56629.727,44285.977,38980.77,1238.6501,2103.4814,2003.8153,231.10597,3000.6013,1627.0911,1
547915.94,2,2,1,31.66901,2,0,0,0,0,0,371059.06,514600.7,425912.16,501254.7,539437.44,180137.45,23447.65,15407.94,180296.66,21606.549,3893.9065,179490.48,1
384169.62,1,1,1,40.324554,-1,-1,-2,-1,-1,-2,5385.9453,7942.9946,7662.361,28364.46,-1943.4297,2931.3547,1481.9812,1506.0542,45747.477,2415.8586,1296.8065,29334.033,1
326262.0,1,2,2,43.42074,0,0,0,0,0,0,127745.695,351080.16,174667.98,289323.8,250681.64,229568.53,14014.978,278826.66,7162.744,12630.086,11967.068,7150.988,1
483153.7,1,3,1,46.609993,0,-1,-1,-1,-1,-1,121007.805,18886.713,15078.152,2010.2379,-7576.75,17986.096,2195.3484,1067.7798,4962.6064,4689.0386,239.06476,159625.53,1
